freq	dB(S(2,1))
2.00000000000000000E9	-2.27068875025295158E0
2.02499999999999991E9	-2.29944251160563917E0
2.04999999999999982E9	-2.32389290309835195E0
2.07500000000000018E9	-2.34381534664176128E0
2.10000000000000009E9	-2.35898864909808648E0
2.12500000000000000E9	-2.36919521766836239E0
2.14999999999999991E9	-2.37422136190947608E0
2.17499999999999982E9	-2.37385771404951740E0
2.20000000000000018E9	-2.36789980484585971E0
2.22500000000000009E9	-2.35614883911738504E0
2.25000000000000000E9	-2.33841272356492968E0
2.27499999999999991E9	-2.31450740990334314E0
2.29999999999999982E9	-2.28425862903959365E0
2.32500000000000018E9	-2.24750410746589147E0
2.35000000000000009E9	-2.20409637564826433E0
2.37500000000000000E9	-2.15390630043898046E0
2.39999999999999991E9	-2.09682749984333405E0
2.42499999999999982E9	-2.03278182911565608E0
2.45000000000000018E9	-1.96172616215642837E0
2.47500000000000009E9	-1.88366073103932896E0
2.50000000000000000E9	-1.79863932784857350E0
2.52499999999999991E9	-1.70678171407746215E0
2.54999999999999982E9	-1.60828861864450312E0
2.57500000000000018E9	-1.50345972780382064E0
2.60000000000000009E9	-1.39271506569282755E0
2.62500000000000000E9	-1.27662011302200651E0
2.64999999999999991E9	-1.15591488453164026E0
2.67499999999999982E9	-1.03154694331248264E0
2.70000000000000018E9	-9.04707919843755271E-1
2.72500000000000009E9	-7.76872463429546301E-1
2.75000000000000000E9	-6.49837619197596261E-1
2.77499999999999991E9	-5.25759346845967990E-1
2.79999999999999982E9	-4.07181280550694247E-1
2.82500000000000018E9	-2.97048980731798640E-1
2.85000000000000009E9	-1.98701132060591701E-1
2.87500000000000000E9	-1.15827928118712276E-1
2.89999999999999991E9	-5.23870481599827542E-2
2.92499999999999982E9	-1.24701372389106591E-2
2.95000000000000018E9	-1.18369700647708176E-4
2.97500000000000009E9	-1.90946643274957983E-2
3.00000000000000000E9	-7.26313163347063373E-2
3.02499999999999991E9	-1.63182526085115009E-1
3.04999999999999982E9	-2.92217712411741104E-1
3.07500000000000018E9	-4.60090054353703870E-1
3.10000000000000009E9	-6.66004057812555761E-1
3.12500000000000000E9	-9.08088223811844308E-1
3.14999999999999991E9	-1.18355928872561478E0
3.17499999999999982E9	-1.48894905741675965E0
3.20000000000000018E9	-1.82035773418010605E0
3.22500000000000009E9	-2.17369959005508706E0
3.25000000000000000E9	-2.54491536665384377E0
3.27499999999999991E9	-2.93013713248527585E0
3.29999999999999982E9	-3.32580187804192251E0
3.32500000000000018E9	-3.72871788275841398E0
3.35000000000000009E9	-4.13609225609341724E0
3.37500000000000000E9	-4.54552953516118041E0
3.39999999999999991E9	-4.95501074033791333E0
3.42499999999999982E9	-5.36286076917586030E0
3.45000000000000018E9	-5.76771014406397065E0
3.47500000000000009E9	-6.16845534823675745E0
3.50000000000000000E9	-6.56422049460291213E0
3.52499999999999991E9	-6.95432193162389822E0
3.54999999999999982E9	-7.33823657770031446E0
3.57500000000000018E9	-7.71557423266504205E0
3.60000000000000009E9	-8.08605377697669248E0
3.62500000000000000E9	-8.44948297726499220E0
3.64999999999999991E9	-8.80574152361302431E0
3.67499999999999982E9	-9.15476689387947395E0
3.70000000000000018E9	-9.49654264829756301E0
3.72500000000000009E9	-9.83108878647610851E0
3.75000000000000000E9	-1.01584538377011224E1
3.77499999999999991E9	-1.04787083972300255E1
3.79999999999999982E9	-1.07919398620752149E1
3.82500000000000018E9	-1.10982481574448988E1
3.85000000000000009E9	-1.13977422785729265E1
3.87500000000000000E9	-1.16905375018682944E1
3.89999999999999991E9	-1.19767531442867536E1
3.92499999999999982E9	-1.22565107709257259E1
3.95000000000000018E9	-1.25299327685094353E1
3.97500000000000009E9	-1.27971412171252719E1
4.00000000000000000E9	-1.30582570047318702E1
4.02500000000000036E9	-1.33133991389877226E1
4.04999999999999982E9	-1.35626842191952557E1
4.07500000000000018E9	-1.38062260379245316E1
4.09999999999999964E9	-1.40441352874291780E1
4.12500000000000000E9	-1.42765193505115495E1
4.15000000000000036E9	-1.45034821592143648E1
4.17499999999999982E9	-1.47251241077598682E1
4.20000000000000018E9	-1.49415420086490647E1
4.22499999999999964E9	-1.51528290828718593E1
4.25000000000000000E9	-1.53590749768477064E1
4.27500000000000036E9	-1.55603658000822098E1
4.29999999999999982E9	-1.57567841786436746E1
4.32500000000000018E9	-1.59484093204795574E1
4.34999999999999964E9	-1.61353170893429043E1
4.37500000000000000E9	-1.63175800847137187E1
4.40000000000000036E9	-1.64952677256032354E1
4.42499999999999982E9	-1.66684463365411828E1
4.45000000000000018E9	-1.68371792343836679E1
4.47499999999999964E9	-1.70015268148548637E1
4.50000000000000000E9	-1.71615466379611448E1
4.52500000000000036E9	-1.73172935116004534E1
4.54999999999999982E9	-1.74688195728387474E1
4.57500000000000018E9	-1.76161743664476411E1
4.59999999999999964E9	-1.77594049203956739E1
4.62500000000000000E9	-1.78985558180646320E1
4.65000000000000036E9	-1.80336692670267706E1
4.67499999999999982E9	-1.81647851642688063E1
4.70000000000000018E9	-1.82919411577892066E1
4.72499999999999964E9	-1.84151727045258484E1
4.75000000000000000E9	-1.85345131245959172E1
4.77500000000000036E9	-1.86499936518468568E1
4.79999999999999982E9	-1.87616434807307253E1
4.82500000000000018E9	-1.88694898095229457E1
4.84999999999999964E9	-1.89735578799114935E1
4.87500000000000000E9	-1.90738710129854350E1
4.90000000000000036E9	-1.91704506416512999E1
4.92499999999999982E9	-1.92633163395042639E1
4.95000000000000018E9	-1.93524858461770100E1
4.97499999999999964E9	-1.94379750891842429E1
5.00000000000000000E9	-1.95197982022740613E1
5.02500000000000036E9	-1.95979675402901021E1
5.04999999999999982E9	-1.96724936905392878E1
5.07500000000000018E9	-1.97433854806507303E1
5.09999999999999964E9	-1.98106499829004323E1
5.12500000000000000E9	-1.98742925149651617E1
5.15000000000000036E9	-1.99343166370564129E1
5.17499999999999982E9	-1.99907241453718187E1
5.20000000000000018E9	-2.00435150617874314E1
5.22499999999999964E9	-2.00926876196985527E1
5.25000000000000000E9	-2.01382382459003750E1
5.27500000000000036E9	-2.01801615383820998E1
5.29999999999999982E9	-2.02184502398887611E1
5.32500000000000018E9	-2.02530952070847770E1
5.34999999999999964E9	-2.02840853751303563E1
5.37500000000000000E9	-2.03114077174585761E1
5.40000000000000036E9	-2.03350472005135963E1
5.42499999999999982E9	-2.03549867331829359E1
5.45000000000000018E9	-2.03712071106248516E1
5.47499999999999964E9	-2.03836869521578912E1
5.50000000000000000E9	-2.03924026328422547E1
5.52500000000000036E9	-2.03973282083413565E1
5.54999999999999982E9	-2.03984353326065904E1
5.57500000000000018E9	-2.03956931678780329E1
5.59999999999999964E9	-2.03890682864385564E1
5.62500000000000000E9	-2.03785245634969492E1
5.65000000000000036E9	-2.03640230605074191E1
5.67499999999999982E9	-2.03455218981565933E1
5.70000000000000018E9	-2.03229761181639823E1
5.72499999999999964E9	-2.02963375329469020E1
5.75000000000000000E9	-2.02655545620942501E1
5.77500000000000036E9	-2.02305720544739120E1
5.79999999999999982E9	-2.01913310946641111E1
5.82500000000000018E9	-2.01477687922474935E1
5.84999999999999964E9	-2.00998180523354852E1
5.87500000000000000E9	-2.00474073254970353E1
5.90000000000000036E9	-1.99904603350462828E1
5.92499999999999982E9	-1.99288957793944732E1
5.95000000000000018E9	-1.98626270068877497E1
5.97499999999999964E9	-1.97915616602288869E1
6.00000000000000000E9	-1.97156012872111441E1
6.02500000000000036E9	-1.96346409140688105E1
6.04999999999999982E9	-1.95485685772625861E1
6.07500000000000018E9	-1.94572648089584921E1
6.09999999999999964E9	-1.93606020708136239E1
6.12500000000000000E9	-1.92584441299356302E1
6.15000000000000036E9	-1.91506453700191370E1
6.17499999999999982E9	-1.90370500296571343E1
6.20000000000000018E9	-1.89174913586566329E1
6.22499999999999964E9	-1.87917906818217917E1
6.25000000000000000E9	-1.86597563580693016E1
6.27500000000000036E9	-1.85211826208649155E1
6.29999999999999982E9	-1.83758482837603410E1
6.32500000000000018E9	-1.82235152922044996E1
6.34999999999999964E9	-1.80639270997170054E1
6.37500000000000000E9	-1.78968068428510518E1
6.40000000000000036E9	-1.77218552850148514E1
6.42499999999999982E9	-1.75387484940197136E1
6.45000000000000018E9	-1.73471352119993183E1
6.47499999999999964E9	-1.71466338688761266E1
6.50000000000000000E9	-1.69368291815683847E1
6.52500000000000036E9	-1.67172682703019104E1
6.54999999999999982E9	-1.64874562103106470E1
6.57500000000000018E9	-1.62468509213889023E1
6.59999999999999964E9	-1.59948572786055809E1
6.62500000000000000E9	-1.57308203043111217E1
6.65000000000000036E9	-1.54540172735575765E1
6.67499999999999982E9	-1.51636485313280200E1
6.70000000000000018E9	-1.48588267796348439E1
6.72499999999999964E9	-1.45385645448557810E1
6.75000000000000000E9	-1.42017594803624148E1
6.77500000000000036E9	-1.38471770974424135E1
6.79999999999999982E9	-1.34734304520185444E1
6.82500000000000018E9	-1.30789562538737081E1
6.84999999999999964E9	-1.26619868266471247E1
6.87500000000000000E9	-1.22205173667640765E1
6.90000000000000036E9	-1.17522680990751427E1
6.92499999999999982E9	-1.12546413460338224E1
6.95000000000000018E9	-1.07246744885533896E1
6.97499999999999964E9	-1.01589918345208674E1
7.00000000000000000E9	-9.55376257903717985E0
7.02500000000000036E9	-8.90468043562708367E0
7.04999999999999982E9	-8.20699734842508732E0
7.07500000000000018E9	-7.45567744962680123E0
7.09999999999999964E9	-6.64580513701862508E0
7.12500000000000000E9	-5.77351604473131363E0
7.15000000000000036E9	-4.83798128567656871E0
7.17499999999999982E9	-3.84544451276693833E0
7.20000000000000018E9	-2.81697622467228825E0
7.22499999999999964E9	-1.80179223271958810E0
7.25000000000000000E9	-8.94596069816551598E-1
7.27500000000000036E9	-2.41639386348149099E-1
7.29999999999999982E9	1.92865493310657388E-15
7.32500000000000018E9	-2.41639386347495666E-1
7.34999999999999964E9	-8.94596069816553907E-1
7.37500000000000000E9	-1.80179223271958810E0
7.40000000000000036E9	-2.81697622467228381E0
7.42499999999999982E9	-3.84544451276694277E0
7.45000000000000018E9	-4.83798128567640173E0
7.47499999999999964E9	-5.77351604473115465E0
7.50000000000000000E9	-6.64580513701825470E0
7.52500000000000036E9	-7.45567744962680123E0
7.54999999999999982E9	-8.20699734842508732E0
7.57500000000000018E9	-8.90468043562714051E0
7.59999999999999964E9	-9.55376257903717452E0
7.62500000000000000E9	-1.01589918345208652E1
7.65000000000000036E9	-1.07246744885533829E1
7.67499999999999982E9	-1.12546413460338890E1
7.70000000000000018E9	-1.17522680990751427E1
7.72499999999999964E9	-1.22205173667640388E1
7.75000000000000000E9	-1.26619868266471225E1
7.77500000000000036E9	-1.30789562538737481E1
7.79999999999999982E9	-1.34734304520184645E1
7.82500000000000018E9	-1.38471770974423825E1
7.84999999999999964E9	-1.42017594803624192E1
7.87500000000000000E9	-1.45385645448557677E1
7.90000000000000036E9	-1.48588267796348283E1
7.92499999999999982E9	-1.51636485313279801E1
7.95000000000000018E9	-1.54540172735575654E1
7.97499999999999964E9	-1.57308203043110950E1
8.00000000000000000E9	-1.59948572786055743E1
8.02500000000000036E9	-1.62468509213888868E1
8.05000000000000071E9	-1.64874562103106359E1
8.07499999999999929E9	-1.67172682703018927E1
8.09999999999999964E9	-1.69368291815683891E1
8.12500000000000000E9	-1.71466338688761111E1
8.15000000000000036E9	-1.73471352119993294E1
8.17500000000000071E9	-1.75387484940197114E1
8.19999999999999929E9	-1.77218552850148336E1
8.22499999999999964E9	-1.78968068428510496E1
8.25000000000000000E9	-1.80639270997169854E1
8.27500000000000036E9	-1.82235152922044930E1
8.30000000000000071E9	-1.83758482837603410E1
8.32499999999999929E9	-1.85211826208649133E1
8.34999999999999964E9	-1.86597563580693082E1
8.37500000000000000E9	-1.87917906818217739E1
8.40000000000000036E9	-1.89174913586566440E1
8.42500000000000071E9	-1.90370500296571277E1
8.44999999999999929E9	-1.91506453700191281E1
8.47499999999999964E9	-1.92584441299356257E1
8.50000000000000000E9	-1.93606020708136195E1
8.52500000000000036E9	-1.94572648089584854E1
8.55000000000000071E9	-1.95485685772625795E1
8.57499999999999929E9	-1.96346409140687994E1
8.59999999999999964E9	-1.97156012872111508E1
8.62500000000000000E9	-1.97915616602288980E1
8.65000000000000036E9	-1.98626270068877453E1
8.67500000000000071E9	-1.99288957793944665E1
8.69999999999999929E9	-1.99904603350462895E1
8.72499999999999964E9	-2.00474073254970397E1
8.75000000000000000E9	-2.00998180523354808E1
8.77500000000000036E9	-2.01477687922474935E1
8.80000000000000071E9	-2.01913310946641111E1
8.82499999999999929E9	-2.02305720544739076E1
8.84999999999999964E9	-2.02655545620942501E1
8.87500000000000000E9	-2.02963375329469020E1
8.90000000000000036E9	-2.03229761181639779E1
8.92500000000000071E9	-2.03455218981565933E1
8.94999999999999929E9	-2.03640230605074191E1
8.97499999999999964E9	-2.03785245634969492E1
9.00000000000000000E9	-2.03890682864385564E1
9.02500000000000036E9	-2.03956931678780329E1
9.05000000000000071E9	-2.03984353326065904E1
9.07499999999999929E9	-2.03973282083413565E1
9.09999999999999964E9	-2.03924026328422503E1
9.12500000000000000E9	-2.03836869521578912E1
9.15000000000000036E9	-2.03712071106248516E1
9.17500000000000071E9	-2.03549867331829315E1
9.19999999999999929E9	-2.03350472005135874E1
9.22499999999999964E9	-2.03114077174585805E1
9.25000000000000000E9	-2.02840853751303607E1
9.27500000000000036E9	-2.02530952070847725E1
9.30000000000000071E9	-2.02184502398887656E1
9.32499999999999929E9	-2.01801615383820909E1
9.34999999999999964E9	-2.01382382459003839E1
9.37500000000000000E9	-2.00926876196985482E1
9.40000000000000036E9	-2.00435150617874314E1
9.42500000000000071E9	-1.99907241453718099E1
9.44999999999999929E9	-1.99343166370564084E1
9.47499999999999964E9	-1.98742925149651706E1
9.50000000000000000E9	-1.98106499829004212E1
9.52500000000000036E9	-1.97433854806507325E1
9.55000000000000071E9	-1.96724936905392900E1
9.57499999999999929E9	-1.95979675402900999E1
9.59999999999999964E9	-1.95197982022740746E1
9.62500000000000000E9	-1.94379750891842562E1
9.65000000000000036E9	-1.93524858461770188E1
9.67500000000000071E9	-1.92633163395042706E1
9.69999999999999929E9	-1.91704506416513065E1
9.72499999999999964E9	-1.90738710129854394E1
9.75000000000000000E9	-1.89735578799115023E1
9.77500000000000036E9	-1.88694898095229502E1
9.80000000000000071E9	-1.87616434807307186E1
9.82499999999999929E9	-1.86499936518468634E1
9.84999999999999964E9	-1.85345131245959172E1
9.87500000000000000E9	-1.84151727045258484E1
9.90000000000000036E9	-1.82919411577892110E1
9.92500000000000071E9	-1.81647851642688218E1
9.94999999999999929E9	-1.80336692670267729E1
9.97499999999999964E9	-1.78985558180646320E1
1.00000000000000000E10	-1.77594049203956805E1
1.00249999999999995E10	-1.76161743664476544E1
1.00500000000000012E10	-1.74688195728387496E1
1.00749999999999984E10	-1.73172935116004600E1
1.01000000000000001E10	-1.71615466379611448E1
1.01249999999999996E10	-1.70015268148548593E1
1.01500000000000012E10	-1.68371792343836835E1
1.01750000000000007E10	-1.66684463365411872E1
1.02000000000000002E10	-1.64952677256032354E1
1.02249999999999996E10	-1.63175800847137209E1
1.02499999999999991E10	-1.61353170893428977E1
1.02750000000000008E10	-1.59484093204795707E1
1.03000000000000003E10	-1.57567841786436924E1
1.03249999999999997E10	-1.55603658000822143E1
1.03499999999999992E10	-1.53590749768477086E1
1.03750000000000009E10	-1.51528290828718548E1
1.04000000000000004E10	-1.49415420086490758E1
1.04249999999999998E10	-1.47251241077598838E1
1.04499999999999993E10	-1.45034821592143714E1
1.04749999999999988E10	-1.42765193505115495E1
1.05000000000000004E10	-1.40441352874291869E1
1.05249999999999999E10	-1.38062260379245427E1
1.05500000000000016E10	-1.35626842191952512E1
1.05749999999999988E10	-1.33133991389877271E1
1.06000000000000005E10	-1.30582570047318725E1
1.06250000000000000E10	-1.27971412171252830E1
1.06499999999999995E10	-1.25299327685094219E1
1.06750000000000012E10	-1.22565107709257370E1
1.06999999999999984E10	-1.19767531442867714E1
1.07250000000000001E10	-1.16905375018682944E1
1.07499999999999996E10	-1.13977422785729288E1
1.07750000000000012E10	-1.10982481574449077E1
1.08000000000000007E10	-1.07919398620752416E1
1.08250000000000002E10	-1.04787083972300055E1
1.08499999999999996E10	-1.01584538377011535E1
1.08749999999999991E10	-9.83108878647610140E0
1.09000000000000008E10	-9.49654264829758077E0
1.09250000000000003E10	-9.15476689387948461E0
1.09499999999999997E10	-8.80574152361302609E0
1.09749999999999992E10	-8.44948297726499931E0
1.10000000000000009E10	-8.08605377697669248E0
1.10250000000000004E10	-7.71557423266507314E0
1.10499999999999998E10	-7.33823657770031623E0
1.10749999999999993E10	-6.95432193162392487E0
1.10999999999999988E10	-6.56422049460292723E0
1.11250000000000004E10	-6.16845534823676900E0
1.11499999999999999E10	-5.76771014406398130E0
1.11750000000000016E10	-5.36286076917589583E0
1.11999999999999988E10	-4.95501074033794175E0
1.12250000000000005E10	-4.54552953516121505E0
1.12500000000000000E10	-4.13609225609345099E0
1.12749999999999995E10	-3.72871788275842952E0
1.13000000000000012E10	-3.32580187804198735E0
1.13249999999999984E10	-2.93013713248528651E0
1.13500000000000001E10	-2.54491536665387441E0
1.13749999999999996E10	-2.17369959005508706E0
1.14000000000000012E10	-1.82035773418010605E0
1.14250000000000007E10	-1.48894905741676054E0
1.14500000000000002E10	-1.18355928872560678E0
1.14749999999999996E10	-9.08088223811835782E-1
1.14999999999999991E10	-6.66004057812548567E-1
1.15250000000000008E10	-4.60090054353708933E-1
1.15500000000000003E10	-2.92217712411741104E-1
1.15749999999999997E10	-1.63182526085116963E-1
1.15999999999999992E10	-7.26313163347082913E-2
1.16250000000000009E10	-1.90946643274957983E-2
1.16500000000000004E10	-1.18369700647708176E-4
1.16749999999999998E10	-1.24701372389077614E-2
1.16999999999999993E10	-5.23870481599827542E-2
1.17249999999999988E10	-1.15827928118711299E-1
1.17500000000000004E10	-1.98701132060587771E-1
1.17749999999999999E10	-2.97048980731793666E-1
1.18000000000000016E10	-4.07181280550698332E-1
1.18249999999999988E10	-5.25759346845960795E-1
1.18500000000000005E10	-6.49837619197593241E-1
1.18750000000000000E10	-7.76872463429535820E-1
1.18999999999999995E10	-9.04707919843744612E-1
1.19250000000000012E10	-1.03154694331247399E0
1.19499999999999984E10	-1.15591488453164493E0
1.19750000000000001E10	-1.27662011302199074E0
1.19999999999999996E10	-1.39271506569281600E0


